VAE Evaluation Metrics
================================
MSE  : 0.000000 ± 0.000000
SSIM : 0.9996 ± 0.0004
PSNR : 78.5589 ± 2.3580
